[10856932883,
 10850826461,
 10840172152,
 10823868460,
 10817608022,
 10810033987,
 10804513136,
 10793103601,
 10783927933,
 10770299093,
 10759959127,
 10756748628,
 10747031345,
 10737692474,
 10697198078,
 10680733020,
 10677316412,
 10671134782,
 10660107760,
 10653616594,
 10635856697,
 10629684540,
 10620155607,
 10610368952,
 10603329582,
 10597365330,
 10590694930,
 10578474140,
 10570230744,
 10564768191,
 10558775744,
 10545311012,
 10539681683,
 10534801137,
 10521524295,
 10515252383,
 10508123978,
 10500931546,
 10488158511,
 10480429973,
 10412764737,
 10402560430,
 10396420409,
 10376354306,
 10371196691,
 10363350925,
 10348140245,
 10343078755,
 10337763402,
 10332269232,
 10328994206,
 10322687345,
 10313897702,
 10309277702,
 10303798160,
 10298502876,
 10292826019,
 10275298329,
 10263705407,
 10257445914,
 10251037068,
 10241125925,
 10233971826,
 10230950959,
 10230744464,
 10225811458,
 10220071235,
 10212537905,
 10206893697,
 10194730740,
 10180090228,
 10172929832,
 10144724752,
 10132918240,
 10115391762,
 10109780540,
 10103629266,
 10098991783,
 10092216569,
 10085705801,
 10073711926,
 10069074657,
 10064138380,
 10058636758,
 10052377395,
 10038937329,
 10033804964,
 10016212281,
 10006828619,
 9995563010,
 9984187254,
 9978422018,
 9971958248,
 9971957772,
 9965043232,
 9957999970,
 9957998721,
 9939802653,
 9933791721,
 9927103494,
 9919975714,
 9893694843,
 9888868702,
 9882992587,
 9876079067,
 9855741829,
 9850629317,
 9840997774,
 9827851210,
 9822904571,
 9816834848,
 9811288116,
 9801556587,
 9795479023,
 9788322994,
 9784117073,
 9777333053,
 9764229125,
 9744164009,
 9732845417,
 9707039692,
 9698330316,
 9692608320,
 9671956681,
 9665473596,
 9659097091,
 9651688339,
 9645392881,
 9625731999,
 9619226019,
 9612501945,
 9605637875,
 9599909621,
 9581640121,
 9574662561,
 9568125034,
 9516715905,
 9487083410,
 9484847960,
 9473897463,
 9469207311,
 9451612797,
 9447066048,
 9440588598,
 9433314637,
 9426817084,
 9407899235,
 9407748450,
 9400736396,
 9394443326,
 9389163892,
 9383838183,
 9376157665,
 9369658806,
 9365478633,
 9359950371,
 9347431801,
 9341271224,
 9328265477,
 9315725891,
 9311355179,
 9298041208,
 9292411021,
 9279472441,
 9279300402,
 9273438393,
 9267603772,
 9261288078,
 9259253634,
 9258879149,
 9254632311,
 9240016886,
 9240016398,
 9240014345,
 9240012909,
 9222738213,
 9217248071,
 9216372773,
 9210259922,
 9203048260,
 9195693358,
 9185062937,
 9179239414,
 9172468803,
 9166046999,
 9159156663,
 9146446596,
 9146370760,
 9138235397,
 9134841414,
 9127523668,
 9121698511,
 9116553075,
 9102729006,
 9097521399,
 9089552781,
 9085384121,
 9078268977,
 9078148873,
 9055041333,
 9048595441,
 9042446363,
 9036256935,
 9029351348,
 9022907017,
 9011906558,
 9005276391,
 8999159524,
 8993297791,
 8985729097,
 8973877111,
 8967936310,
 8961946588,
 8955162154,
 8950135726,
 8946098423,
 8933319679,
 8927180344,
 8921946221,
 8915307196,
 8909460172,
 8891796082,
 8885873542,
 8879705626,
 8875392009,
 8869251524,
 8862861001,
 8857166258,
 8849667738,
 8834354201,
 8828116209,
 8821557138,
 8815449705,
 8806111423,
 8799988893,
 8794698723,
 8789089604,
 8771323929,
 8766877503,
 8760859967,
 8749434921,
 8726475508,
 8721204362,
 8715744482,
 8710745438,
 8698197610,
 8693453841,
 8688907431,
 8683360176,
 8677673116,
 8672944578,
 8672611987,
 8655132144,
 8650266138,
 8644587607,
 8639260773,
 8633145882,
 8611884034,
 8606708676,
 8600932618,
 8600850460,
 8594917333,
 8587870096,
 8587667353,
 8578513389,
 8573739485,
 8567397324,
 8562727659,
 8556464236,
 8545358774,
 8538434119,
 8534745466,
 8529443857,
 8522824035,
 8517243835,
 8517243161,
 8504441796,
 8499814764,
 8495754250,
 8490538352,
 8484883685,
 8484745146,
 8479818986,
 8465791898,
 8461910392,
 8457098599,
 8452224343,
 8446679630,
 8439721111,
 8429193772,
 8424857940,
 8419959787,
 8415022100,
 8409055741,
 8403997888,
 8398211855,
 8397964746,
 8387758742,
 8382922540,
 8377330507,
 8371717528,
 8366744076,
 8361203713,
 8349952043,
 8345023058,
 8339517521,
 8334285682,
 8329288562,
 8323038910,
 8318058695,
 8314003228,
 8304820435,
 8300432096,
 8290365391,
 8287265002,
 8283247244,
 8280431309,
 8276678772,
 8272535392,
 8272535301,
 8264840790,
 8264742904,
 8256810166,
 8253528404,
 8245669298,
 8241317810,
 8229088227,
 8225784809,
 8221018861,
 8217650720,
 8217650717,
 8212453296,
 8208589520,
 8203727142,
 8203727133,
 8203727114,
 8191621998,
 8187238246,
 8182235363,
 8182235331,
 8160150145,
 8155361427,
 8151030129,
 8146441132,
 8141884509,
 8137158637,
 8132627372,
 8132355459,
 8124106588,
 8119355717,
 8119355702,
 8088332251,
 8083176906,
 8079471189,
 8068964123,
 8068964116,
 8055576307,
 8050185517,
 8044302453,
 8034000587,
 8029975644,
 8024916101,
 8019342575,
 8014397326,
 8014397281,
 8014397301,
 7995086512,
 7990214715,
 7985428379,
 7979518267,
 7979517970,
 7962893212,
 7959299281,
 7959299285,
 7959299382,
 7954296350,
 7949259794,
 7943814572,
 7939267017,
 7927920375,
 7923110121,
 7918414987,
 7918414980,
 7906191054,
 7901583312,
 7901583230,
 7891913019,
 7887509906,
 7881485870,
 7877830728,
 7872000948,
 7867936072,
 7860502925,
 7851566640,
 7846435025,
 7841605387,
 7835158574,
 7829208307,
 7817521073,
 7814760129,
 7809401836,
 7803664451,
 7798186339,
 7785525706,
 7781716408,
 7777108383,
 7772120351,
 7767086065,
 7767086089,
 7767086080,
 7744120120,
 7744120183,
 7733338456,
 7733338470,
 7700419004,
 7697533691,
 7697533117,
 7697532478,
 7697532128,
 7676993625,
 7671148736,
 7661938174,
 7655951082,
 7643729354,
 7639108992,
 7627852888,
 7617909397,
 7612343504,
 7605977133,
 7605386863,
 7605385250,
 7549296930,
 7549296287,
 7549295861,
 7549295303,
 7501678752,
 7496684204,
 7490027394,
 7480345431,
 7475135473,
 7468783204,
 7459486964,
 7453924352,
 7447936857,
 7442268337,
 7437706104,
 7432748111,
 7427666085,
 7421954219,
 7421602405,
 7416233723,
 7409993831,
 7404375396,
 7399870148,
 7395320176,
 7395319816,
 7390401164,
 7389902513,
 7389902443,
 7384818542,
 7384553991,
 7379317731,
 7367779138,
 7363091019,
 7362922978,
 7358660325,
 7358463108,
 7352895855,
 7352638274,
 7352524704,
 7350407967,
 7342208546,
 7341104282,
 7335189040,
 7326034820,
 7325431689,
 7325431372,
 7315990079,
 7304622665,
 7299034268,
 7292234833,
 7287926248,
 7283209084,
 7282464979,
 7277894545,
 7261210263,
 7245291707,
 7237638521,
 7234907479,
 7228758859,
 7224099974,
 7218344699,
 7179587226,
 7171648251,
 7166675139,
 7154916883,
 7143434657,
 7133136466,
 7133025525,
 7127900671,
 7121969262,
 7116458201,
 7111449419,
 7099546136,
 7094732292,
 7089438915,
 7085248120,
 7077988109,
 7062071768,
 7056021664,
 7052639785,
 7046712057,
 7041200880,
 7035044022,
 7024937010,
 7020510777,
 7015258111,
 7009700149,
 7004644328,
 6983291404,
 6977793805,
 6966265476,
 6951773290,
 6942779209,
 6937587715,
 6932738211,
 6926091020,
 6917539822,
 6913502235,
 6907498892,
 6904274850,
 6895845332,
 6886421674,
 6877797182,
 6872684233,
 6863649542,
 6858501837,
 6849835953,
 6845169227,
 6835800184,
 6830789366,
 6825189296,
 6820712457,
 6814345270,
 6805240312,
 6797043556,
 6795067469,
 6789848407,
 6769312477,
 6764870542,
 6759449303,
 6754061766,
 6742522507,
 6733856021,
 6729396049,
 6724528197,
 6718717428,
 6712135630,
 6708815582,
 6699460962,
 6694671366,
 6689591048,
 6683729889,
 6667966076,
 6664140240,
 6658899949,
 6653353445,
 6647988601,
 6632209461,
 6627986131,
 6623045361,
 6609514085,
 6601923761,
 6592352751,
 6587272504,
 6582301463,
 6576877944,
 6572219564,
 6565761006,
 6556096899,
 6551101346,
 6545744192,
 6541169630,
 6529773104,
 6524711421,
 6519829362,
 6514955025,
 6503562098,
 6493436944,
 6484077795,
 6478724574,
 6474137832,
 6468772697,
 6457010117,
 6452964275,
 6442496042,
 6393201866,
 6386754321,
 6382556153,
 6380894530,
 6368099926,
 6364721341,
 6358562496,
 6356762166,
 6352587859,
 6348489598,
 6348489443,
 6339167286,
 6333904871,
 6332265190,
 6327695126,
 6323497045,
 6319850648,
 6306970396,
 6301002709,
 6299049799,
 6294657213,
 6278708584,
 6274567234,
 6272308149,
 6265449642,
 6260985080,
 6242932766,
 6241015427,
 6236427447,
 6231412576,
 6217154236,
 6208599412,
 6201005712,
 6196530325,
 6194104705,
 6189835588,
 6176293698,
 6171676290,
 6166756551,
 6152072381,
 6149669381,
 6145224737,
 6135662698,
 6130934413,
 6123669764,
 6123525748,
 6123464432,
 6118500866,
 6109756279,
 6101933499,
 6099896505,
 6076948576,
 6074918104,
 6066841090,
 6062016496,
 6042455491,
 6040364975,
 6032252465,
 6027161553,
 6019326962,
 6014339215,
 6009007642,
 6000996243,
 5995467254,
 5990361792,
 5977670237,
 5972356129,
 5965175665,
 5953199645,
 5939701019,
 5934807167,
 5929763974,
 5924075634,
 5900809934,
 5896904496,
 5890809973,
 5885467592,
 5885137338,
 5879082229,
 5863950360,
 5859218764,
 5853763657,
 5847520331,
 5842495083,
 5825946864,
 5821067108,
 5818098347,
 5815699476,
 5804265383,
 5787866234,
 5783620797,
 5776297704,
 5772699412,
 5758853482,
 5750410557,
 5740377305,
 5735175604,
 5735077707,
 5728928772,
 5713329937,
 5703513415,
 5703338747,
 5698020487,
 5693357615,
 5686841946,
 5676518308,
 5671778037,
 5664823642,
 5654185186,
 5638909524,
 5633806543,
 5565733254,
 5560058468,
 5554215757,
 5549420628,
 5545512088,
 5528088779,
 5525210690,
 5519604289,
 5519405861,
 5513792357,
 5492692239,
 5492415487,
 5487741554,
 5482573251,
 5471646872,
 5448019778,
 5437694761,
 5431611639,
 5413394300,
 5403837645,
 5397331100,
 5391320188,
 5373437603,
 5369005403,
 5363798845,
 5358675721,
 5357931763,
 5352289456,
 5340826688,
 5335683743,
 5325671228,
 5320430365,
 5313699677,
 5296852005,
 5291883344,
 5285057593,
 5278157571,
 5247210159,
 5237194093,
 5214820639,
 5210895183,
 5205093412,
 5196683003,
 5179739192,
 5169370331,
 5163867163,
 5156608015,
 5152337963,
 5139234747,
 5133993504,
 5127986917,
 5121828473,
 5115615460,
 5095684033,
 5093004935,
 5087045370,
 5078917328,
 5074876104,
 5011166637,
 5004418150,
 4992825114,
 4987694582,
 4975447653,
 4970468207,
 4964728826,
 4957528338,
 4952868127,
 4935645950,
 4929923924,
 4925668855,
 4920636848,
 4915185469,
 4901894948,
 4894973720,
 4886529054,
 4880666958,
 4874146922,
 4860987639,
 4855077172,
 4854893423,
 4850701851,
 4845169334,
 4838630993,
 4832500182,
 4827427464,
 4809641756,
 4804756058,
 4799257614,
 4792927722,
 4783185509,
 4773163688,
 4767157186,
 4763079712,
 4756274364,
 4747434122,
 4741205103,
 4734128026,
 4730136600,
 4724827491,
 4718449246,
 4707904863,
 4702683752,
 4697880004,
 4697090333,
 4691366730,
 4684363148,
 4681572902,
 4676730531,
 4670974590,
 4664901973,
 4659292830,
 4654675027,
 4648822139,
 4643647780,
 4632067500,
 4626041247,
 4620671164,
 4616918075,
 4612179691,
 4603864941,
 4601727285,
 4595027697,
 4589564300,
 4584977254,
 4579063556,
 4573463381,
 4565923712,
 4551706506,
 4545915819,
 4536718987,
 4517342532,
 4513706567,
 4509937522,
 4506326857,
 4501972950,
 4498529130,
 4492718676,
 4484917666,
 4479520037,
 4476585460,
 4472934653,
 4472843503,
 4468614284,
 4468614083,
 4464258507,
 4464175522,
 4447470450,
 4443800257,
 4443766710,
 4433872817,
 4428490221,
 4426687692,
 4416547886,
 4414219567,
 4410131989,
 4403171889,
 4402983140,
 4395781145,
 4395762133,
 4395672341,
 4388621298,
 4386058345,
 4385898009,
 4381362900,
 4381303295,
 4376927496,
 4364591178,
 4364471732,
 4361668103,
 4280596333,
 4262058950,
 4224257664,
 4215572416,
 4192009064,
 4132992629,
 3557682383,
 3547418838,
 3517497833,
 3516568449,
 3509004014,
 3496090180,
 3483200309]